012000000000000000000000000000012000000000000000000000000000
000000000000000000000000000000012000000000000000000000000000
000000000000000000000000000000012000000000000000000000000000
000000000000000000000000000000012000000000000000000000000000
000000000000000000000000000000012000000000000000000000000000
000000000000000000000000000000012000000000000000000000000000
000000000000000000000000000000012000000000000000000000000000
000000000000000000000000000000012000000000000000000000000000
000000000000000000000000000000012000000000000000000000000000
000000000000000000000000000000012000000000000000000000000000
000000000000000000000000000000012000000000000000000000000000
000000000000000000000000000000012000000000000000000000000000
000000000000000000000000000000012000000000000000000000000000
000000000000000000000000000000012000000000000000000000000000
000000000000000000000000000000012000000000000000000000000000
000000000000000000000000000000012000000000000000000000000000
000000000000000000000000000000012000000000000000000000000000
000000000000000000000000000000012000000000000000000000000000
000000000000000000000000000000012000000000000000000000000000
000000000000000000000000000000012000000000000000000000000000
012000000000000000000000000000012000000000000000000000000000
000000000000000000000000000000012000000000000000000000000000
000000000000000000000000000000012000000000000000000000000000
000000000000000000000000000000012000000000000000000000000000
000000000000000000000000000000012000000000000000000000000000
000000000000000000000000000000012000000000000000000000000000
000000000000000000000000000000012000000000000000000000000000
000000000000000000000000000000012000000000000000000000000000
000000000000000000000000000000012000000000000000000000000000
000000000000000000000000000000012000000000000000000000000000
000000000000000000000000000000012000000000000000000000000000
000000000000000000000000000000012000000000000000000000000000
000000000000000000000000000000012000000000000000000000000000
000000000000000000000000000000012000000000000000000000000000
000000000000000000000000000000012000000000000000000000000000
000000000000000000000000000000012000000000000000000000000000
000000000000000000000000000000012000000000000000000000000000
000000000000000000000000000000012000000000000000000000000000
000000000000000000000000000000012000000000000000000000000000
000000000000000000000000000000012000000000000000000000000000